cam0:
  T_cam_imu:
  - [0.9999662089030257, -0.006906390871642436, -0.004459015276860498, 0.008708247801839689]
  - [0.006874866759746373, 0.9999515383335019, -0.007046785898527633, -0.02174943710377053]
  - [0.004507467043353249, 0.007015892643993886, 0.9999652293911333, -0.022785325544131582]
  - [0.0, 0.0, 0.0, 1.0]
  cam_overlaps: [1]
  camera_model: pinhole
  distortion_coeffs: [0.009694051100341156, -0.008084564032660335, 0.00022908109336942359,
    0.0023177007244794693]
  distortion_model: radtan
  intrinsics: [384.17102476497377, 384.3372186440579, 323.7997751702461, 238.91110409779023]
  resolution: [640, 480]
  rostopic: /camera/infra1/image_rect_raw
  timeshift_cam_imu: 0.021933037220846576
cam1:
  T_cam_imu:
  - [0.9999698968492514, -0.006847293164047317, -0.003649653630584302, -0.041744724619478486]
  - [0.006822507941589594, 0.9999538711144581, -0.006760845257577333, -0.02180719301602511]
  - [0.0036957787656450997, 0.006735741943954643, 0.9999704850643243, -0.023163825057369577]
  - [0.0, 0.0, 0.0, 1.0]
  T_cn_cnm1:
  - [0.9999996707137908, 5.3416799524852884e-05, 0.0008097647507470238, -0.0504333570150308]
  - [-5.3648173678250714e-05, 0.9999999577455292, 0.00028571105951359323, -5.0779630172412783e-05]
  - [-0.0008097494547604562, -0.0002857544078328687, 0.9999996313250495, -0.00037767141222754295]
  - [0.0, 0.0, 0.0, 1.0]
  cam_overlaps: [0]
  camera_model: pinhole
  distortion_coeffs: [0.008722147503810068, -0.0071965817620313855, 0.00020312551594745345,
    0.002072988775825771]
  distortion_model: radtan
  intrinsics: [384.31545240848607, 384.4493157119672, 323.8563013205691, 239.01554278327566]
  resolution: [640, 480]
  rostopic: /camera/infra2/image_rect_raw
  timeshift_cam_imu: 0.021948018259291602

T_imu_body:
  [1.0000, 0.0000, 0.0000, 0.0000,
  0.0000, 1.0000, 0.0000, 0.0000,
  0.0000, 0.0000, 1.0000, 0.0000,
  0.0000, 0.0000, 0.0000, 1.0000]