cam0:
  T_cam_imu:
  - [0.9991190919012207, 0.04181419438561528, 0.0035515273281945146, -0.014661383014122332]
  - [-0.04189337196721229, 0.998775299352905, 0.026321982974931723, -0.041036712874117594]
  - [-0.002446545257648847, -0.026447581182364937, 0.9996472077017499, -0.008914339793349475]
  - [0.0, 0.0, 0.0, 1.0]
  cam_overlaps: [1]
  camera_model: pinhole
  distortion_coeffs: [-0.012435374459528074, 0.011735142679932548, 0.002435801441155023,
    0.002689711622705548]
  distortion_model: radtan
  intrinsics: [367.8006705225662, 367.22923834797666, 326.0440519234185, 247.25149379103343]
  resolution: [640, 480]
  rostopic: /acl_jackal/forward/infra1/image_rect_raw
  timeshift_cam_imu: -0.025551992650547733
cam1:
  T_cam_imu:
  - [0.999110710775071, 0.0421628086855146, 0.00029185318362355713, -0.019976301183518945]
  - [-0.042154302987985254, 0.9987142444461483, 0.028157994956243625, -0.04147669114762033]
  - [0.0008957422225359812, -0.028145257222263916, 0.999603442441933, -0.005660598537200936]
  - [0.0, 0.0, 0.0, 1.0]
  T_cn_cnm1:
  - [0.9999986812462729, 0.00010428899715943761, -0.0016206879764819077, -0.04917787913320533]
  - [-0.00010397452754734297, 0.999999975753809, 0.00019411768634350685, -0.00012681690588648125]
  - [0.0016207081815252393, -0.0001939489200834284, 0.9999986678435145, 9.782143946612217e-05]
  - [0.0, 0.0, 0.0, 1.0]
  cam_overlaps: [0]
  camera_model: pinhole
  distortion_coeffs: [-0.006517025224403961, 0.008629743248619724, 0.004315397303863821,
    0.004044222332694245]
  distortion_model: radtan
  intrinsics: [376.5117325768217, 376.0264594527194, 327.1325519479607, 247.8773965766172]
  resolution: [640, 480]
  rostopic: /acl_jackal/forward/infra2/image_rect_raw
  timeshift_cam_imu: -0.025639109539352133

T_imu_body:
  [1.0000, 0.0000, 0.0000, 0.0000,
  0.0000, 1.0000, 0.0000, 0.0000,
  0.0000, 0.0000, 1.0000, 0.0000,
  0.0000, 0.0000, 0.0000, 1.0000]
